2048
2091
2135
2179
2222
2265
2309
2352
2394
2437
2479
2520
2562
2602
2643
2682
2722
2760
2798
2836
2872
2908
2944
2978
3012
3045
3076
3108
3138
3167
3195
3222
3249
3274
3298
3321
3343
3364
3384
3402
3420
3436
3451
3465
3478
3490
3500
3509
3517
3524
3529
3534
3537
3539
3539
3539
3537
3534
3530
3524
3518
3510
3501
3491
3480
3468
3454
3440
3424
3408
3390
3372
3352
3332
3311
3288
3265
3241
3216
3191
3164
3137
3110
3081
3052
3022
2992
2961
2930
2898
2866
2834
2801
2767
2734
2700
2666
2632
2598
2563
2529
2495
2460
2426
2392
2357
2323
2290
2256
2223
2190
2157
2125
2093
2062
2031
2001
1971
1942
1914
1886
1859
1832
1807
1782
1758
1735
1712
1691
1670
1651
1632
1614
1597
1582
1567
1554
1541
1530
1519
1510
1502
1495
1489
1485
1481
1479
1478
1478
1479
1481
1485
1490
1496
1503
1511
1521
1532
1543
1556
1571
1586
1602
1620
1638
1658
1678
1700
1723
1747
1771
1797
1823
1851
1879
1909
1939
1969
2001
2033
2066
2100
2135
2170
2205
2241
2278
2315
2353
2391
2429
2468
2507
2547
2586
2626
2666
2706
2746
2786
2827
2867
2907
2947
2987
3026
3066
3105
3144
3182
3221
3258
3296
3333
3369
3405
3440
3475
3509
3542
3574
3606
3637
3668
3697
3726
3753
3780
3806
3831
3854
3877
3899
3920
3939
3958
3975
3992
4007
4021
4034
4045
4056
4065
4073
4080
4086
4090
4093
4095
4096
4095
4093
4090
4086
4080
4073
4065
4056
4045
4034
4021
4007
3992
3975
3958
3939
3920
3899
3877
3854
3831
3806
3780
3753
3726
3697
3668
3637
3606
3574
3542
3509
3475
3440
3405
3369
3333
3296
3258
3221
3182
3144
3105
3066
3026
2987
2947
2907
2867
2827
2786
2746
2706
2666
2626
2586
2547
2507
2468
2429
2391
2353
2315
2278
2241
2205
2170
2135
2100
2066
2033
2001
1969
1939
1909
1879
1851
1823
1797
1771
1747
1723
1700
1678
1658
1638
1620
1602
1586
1571
1556
1543
1532
1521
1511
1503
1496
1490
1485
1481
1479
1478
1478
1479
1481
1485
1489
1495
1502
1510
1519
1530
1541
1554
1567
1582
1597
1614
1632
1651
1670
1691
1712
1735
1758
1782
1807
1832
1859
1886
1914
1942
1971
2001
2031
2062
2093
2125
2157
2190
2223
2256
2290
2323
2357
2392
2426
2460
2495
2529
2563
2598
2632
2666
2700
2734
2767
2801
2834
2866
2898
2930
2961
2992
3022
3052
3081
3110
3137
3164
3191
3216
3241
3265
3288
3311
3332
3352
3372
3390
3408
3424
3440
3454
3468
3480
3491
3501
3510
3518
3524
3530
3534
3537
3539
3539
3539
3537
3534
3529
3524
3517
3509
3500
3490
3478
3465
3451
3436
3420
3402
3384
3364
3343
3321
3298
3274
3249
3222
3195
3167
3138
3108
3076
3045
3012
2978
2944
2908
2872
2836
2798
2760
2722
2682
2643
2602
2562
2520
2479
2437
2394
2352
2309
2265
2222
2179
2135
2091
2048
2004
1960
1916
1873
1830
1786
1743
1701
1658
1616
1575
1533
1493
1452
1413
1373
1335
1297
1259
1223
1187
1151
1117
1083
1050
1019
987
957
928
900
873
846
821
797
774
752
731
711
693
675
659
644
630
617
605
595
586
578
571
566
561
558
556
556
556
558
561
565
571
577
585
594
604
615
627
641
655
671
687
705
723
743
763
784
807
830
854
879
904
931
958
985
1014
1043
1073
1103
1134
1165
1197
1229
1261
1294
1328
1361
1395
1429
1463
1497
1532
1566
1600
1635
1669
1703
1738
1772
1805
1839
1872
1905
1938
1970
2002
2033
2064
2094
2124
2153
2181
2209
2236
2263
2288
2313
2337
2360
2383
2404
2425
2444
2463
2481
2498
2513
2528
2541
2554
2565
2576
2585
2593
2600
2606
2610
2614
2616
2617
2617
2616
2614
2610
2605
2599
2592
2584
2574
2563
2552
2539
2524
2509
2493
2475
2457
2437
2417
2395
2372
2348
2324
2298
2272
2244
2216
2186
2156
2126
2094
2062
2029
1995
1960
1925
1890
1854
1817
1780
1742
1704
1666
1627
1588
1548
1509
1469
1429
1389
1349
1309
1268
1228
1188
1148
1108
1069
1029
990
951
913
874
837
799
762
726
690
655
620
586
553
521
489
458
427
398
369
342
315
289
264
241
218
196
175
156
137
120
103
88
74
61
50
39
30
22
15
9
5
2
0
0
0
2
5
9
15
22
30
39
50
61
74
88
103
120
137
156
175
196
218
241
264
289
315
342
369
398
427
458
489
521
553
586
620
655
690
726
762
799
837
874
913
951
990
1029
1069
1108
1148
1188
1228
1268
1309
1349
1389
1429
1469
1509
1548
1588
1627
1666
1704
1742
1780
1817
1854
1890
1925
1960
1995
2029
2062
2094
2126
2156
2186
2216
2244
2272
2298
2324
2348
2372
2395
2417
2437
2457
2475
2493
2509
2524
2539
2552
2563
2574
2584
2592
2599
2605
2610
2614
2616
2617
2617
2616
2614
2610
2606
2600
2593
2585
2576
2565
2554
2541
2528
2513
2498
2481
2463
2444
2425
2404
2383
2360
2337
2313
2288
2263
2236
2209
2181
2153
2124
2094
2064
2033
2002
1970
1938
1905
1872
1839
1805
1772
1738
1703
1669
1635
1600
1566
1532
1497
1463
1429
1395
1361
1328
1294
1261
1229
1197
1165
1134
1103
1073
1043
1014
985
958
931
904
879
854
830
807
784
763
743
723
705
687
671
655
641
627
615
604
594
585
577
571
565
561
558
556
556
556
558
561
566
571
578
586
595
605
617
630
644
659
675
693
711
731
752
774
797
821
846
873
900
928
957
987
1019
1050
1083
1117
1151
1187
1223
1259
1297
1335
1373
1413
1452
1493
1533
1575
1616
1658
1701
1743
1786
1830
1873
1916
1960
2004
2047
2091
2135
2179
2222
2265
2309
2352
2394
2437
2479
2520
2562
2602
2643
2682
2722
2760
2798
2836
2872
2908
2944
2978
3012
3045
3076
3108
3138
3167
3195
3222
3249
3274
3298
3321
3343
3364
3384
3402
3420
3436
3451
3465
3478
3490
3500
3509
3517
3524
3529
3534
3537
3539
3539
3539
3537
3534
3530
3524
3518
3510
3501
3491
3480
3468
3454
3440
3424
3408
3390
3372
3352
3332
3311
3288
3265
3241
3216
3191
3164
3137
3110
3081
3052
3022
2992
2961
2930
2898
2866
2834
2801
2767
2734
2700
2666
2632
2598
2563
2529
2495
2460
2426
2392
2357
2323
2290
2256
2223
2190
2157
2125
2093
2062
2031
2001
1971
1942
1914
1886
1859
1832
1807
1782
1758
1735
1712
1691
1670
1651
1632
1614
1597
1582
1567
1554
1541
1530
1519
1510
1502
1495
1489
1485
1481
1479
1478
1478
1479
1481
1485
1490
1496
1503
1511
1521
1532
1543
1556
1571
1586
1602
1620
1638
1658
1678
1700
1723
1747
1771
1797
1823
1851
1879
1909
1939
1969
2001
2033
2066
2100
2135
2170
2205
2241
2278
2315
2353
2391
2429
2468
2507
2547
2586
2626
2666
2706
2746
2786
2827
2867
2907
2947
2987
3026
3066
3105
3144
3182
3221
3258
3296
3333
3369
3405
3440
3475
3509
3542
3574
3606
3637
3668
3697
3726
3753
3780
3806
3831
3854
3877
3899
3920
3939
3958
3975
3992
4007
4021
4034
4045
4056
4065
4073
4080
4086
4090
4093
4095
4096
4095
4093
4090
4086
4080
4073
4065
4056
4045
4034
4021
4007
3992
3975
3958
3939
3920
3899
3877
3854
3831
3806
3780
3753
3726
3697
3668
3637
3606
3574
3542
3509
3475
3440
3405
3369
3333
3296
3258
3221
3182
3144
3105
3066
3026
2987
2947
2907
2867
2827
2786
2746
2706
2666
2626
2586
2547
2507
2468
2429
2391
2353
2315
2278
2241
2205
2170
2135
2100
2066
2033
2001
1969
1939
1909
1879
1851
1823
1797
1771
1747
1723
1700
1678
1658
1638
1620
1602
1586
1571
1556
1543
1532
1521
1511
1503
1496
1490
1485
1481
1479
1478
1478
1479
1481
1485
1489
1495
1502
1510
1519
1530
1541
1554
1567
1582
1597
1614
1632
1651
1670
1691
1712
1735
1758
1782
1807
1832
1859
1886
1914
1942
1971
2001
2031
2062
2093
2125
2157
2190
2223
2256
2290
2323
2357
2392
2426
2460
2495
2529
2563
2598
2632
2666
2700
2734
2767
2801
2834
2866
2898
2930
2961
2992
3022
3052
3081
3110
3137
3164
3191
3216
3241
3265
3288
3311
3332
3352
3372
3390
3408
3424
3440
3454
3468
3480
3491
3501
3510
3518
3524
3530
3534
3537
3539
3539
3539
3537
3534
3529
3524
3517
3509
3500
3490
3478
3465
3451
3436
3420
3402
3384
3364
3343
3321
3298
3274
3249
3222
3195
3167
3138
3108
3076
3045
3012
2978
2944
2908
2872
2836
2798
2760
2722
2682
2643
2602
2562
2520
2479
2437
2394
2352
2309
2265
2222
2179
2135
2091
2047
2004
1960
1916
1873
1830
1786
1743
1701
1658
1616
1575
1533
1493
1452
1413
1373
1335
1297
1259
1223
1187
1151
1117
1083
1050
1019
987
957
928
900
873
846
821
797
774
752
731
711
693
675
659
644
630
617
605
595
586
578
571
566
561
558
556
556
556
558
561
565
571
577
585
594
604
615
627
641
655
671
687
705
723
743
763
784
807
830
854
879
904
931
958
985
1014
1043
1073
1103
1134
1165
1197
1229
1261
1294
1328
1361
1395
1429
1463
1497
1532
1566
1600
1635
1669
1703
1738
1772
1805
1839
1872
1905
1938
1970
2002
2033
2064
2094
2124
2153
2181
2209
2236
2263
2288
2313
2337
2360
2383
2404
2425
2444
2463
2481
2498
2513
2528
2541
2554
2565
2576
2585
2593
2600
2606
2610
2614
2616
2617
2617
2616
2614
2610
2605
2599
2592
2584
2574
2563
2552
2539
2524
2509
2493
2475
2457
2437
2417
2395
2372
2348
2324
2298
2272
2244
2216
2186
2156
2126
2094
2062
2029
1995
1960
1925
1890
1854
1817
1780
1742
1704
1666
1627
1588
1548
1509
1469
1429
1389
1349
1309
1268
1228
1188
1148
1108
1069
1029
990
951
913
874
837
799
762
726
690
655
620
586
553
521
489
458
427
398
369
342
315
289
264
241
218
196
175
156
137
120
103
88
74
61
50
39
30
22
15
9
5
2
0
0
0
2
5
9
15
22
30
39
50
61
74
88
103
120
137
156
175
196
218
241
264
289
315
342
369
398
427
458
489
521
553
586
620
655
690
726
762
799
837
874
913
951
990
1029
1069
1108
1148
1188
1228
1268
1309
1349
1389
1429
1469
1509
1548
1588
1627
1666
1704
1742
1780
1817
1854
1890
1925
1960
1995
2029
2062
2094
2126
2156
2186
2216
2244
2272
2298
2324
2348
2372
2395
2417
2437
2457
2475
2493
2509
2524
2539
2552
2563
2574
2584
2592
2599
2605
2610
2614
2616
2617
2617
2616
2614
2610
2606
2600
2593
2585
2576
2565
2554
2541
2528
2513
2498
2481
2463
2444
2425
2404
2383
2360
2337
2313
2288
2263
2236
2209
2181
2153
2124
2094
2064
2033
2002
1970
1938
1905
1872
1839
1805
1772
1738
1703
1669
1635
1600
1566
1532
1497
1463
1429
1395
1361
1328
1294
1261
1229
1197
1165
1134
1103
1073
1043
1014
985
958
931
904
879
854
830
807
784
763
743
723
705
687
671
655
641
627
615
604
594
585
577
571
565
561
558
556
556
556
558
561
566
571
578
586
595
605
617
630
644
659
675
693
711
731
752
774
797
821
846
873
900
928
957
987
1019
1050
1083
1117
1151
1187
1223
1259
1297
1335
1373
1413
1452
1493
1533
1575
1616
1658
1701
1743
1786
1830
1873
1916
1960
2004
2048
2091
2135
2179
2222
2265
2309
2352
2394
2437
2479
2520
2562
2602
2643
2682
2722
2760
2798
2836
2872
2908
2944
2978
3012
3045
3076
3108
3138
3167
3195
3222
3249
3274
3298
3321
3343
3364
3384
3402
3420
3436
3451
3465
3478
3490
3500
3509
3517
3524
3529
3534
3537
3539
3539
3539
3537
3534
3530
3524
3518
3510
3501
3491
3480
3468
3454
3440
3424
3408
3390
3372
3352
3332
3311
3288
3265
3241
3216
3191
3164
3137
3110
3081
3052
3022
2992
2961
2930
2898
2866
2834
2801
2767
2734
2700
2666
2632
2598
2563
2529
2495
2460
2426
2392
2357
2323
2290
2256
2223
2190
2157
2125
2093
2062
2031
2001
1971
1942
1914
1886
1859
1832
1807
1782
1758
1735
1712
1691
1670
1651
1632
1614
1597
1582
1567
1554
1541
1530
1519
1510
1502
1495
1489
1485
1481
1479
1478
1478
1479
1481
1485
1490
1496
1503
1511
1521
1532
1543
1556
1571
1586
1602
1620
1638
1658
1678
1700
1723
1747
1771
1797
1823
1851
1879
1909
1939
1969
2001
2033
2066
2100
2135
2170
2205
2241
2278
2315
2353
2391
2429
2468
2507
2547
2586
2626
2666
2706
2746
2786
2827
2867
2907
2947
2987
3026
3066
3105
3144
3182
3221
3258
3296
3333
3369
3405
3440
3475
3509
3542
3574
3606
3637
3668
3697
3726
3753
3780
3806
3831
3854
3877
3899
3920
3939
3958
3975
3992
4007
4021
4034
4045
4056
4065
4073
4080
4086
4090
4093
4095
4096
4095
4093
4090
4086
4080
4073
4065
4056
4045
4034
4021
4007
3992
3975
3958
3939
3920
3899
3877
3854
3831
3806
3780
3753
3726
3697
3668
3637
3606
3574
3542
3509
3475
3440
3405
3369
3333
3296
3258
3221
3182
3144
3105
3066
3026
2987
2947
2907
2867
2827
2786
2746
2706
2666
2626
2586
2547
2507
2468
2429
2391
2353
2315
2278
2241
2205
2170
2135
2100
2066
2033
2001
1969
1939
1909
1879
1851
1823
1797
1771
1747
1723
1700
1678
1658
1638
1620
1602
1586
1571
1556
1543
1532
1521
1511
1503
1496
1490
1485
1481
1479
1478
1478
1479
1481
1485
1489
1495
1502
1510
1519
1530
1541
1554
1567
1582
1597
1614
1632
1651
1670
1691
1712
1735
1758
1782
1807
1832
1859
1886
1914
1942
1971
2001
2031
2062
2093
2125
2157
2190
2223
2256
2290
2323
2357
2392
2426
2460
2495
2529
2563
2598
2632
2666
2700
2734
2767
2801
2834
2866
2898
2930
2961
2992
3022
3052
3081
3110
3137
3164
3191
3216
3241
3265
3288
3311
3332
3352
3372
3390
3408
3424
3440
3454
3468
3480
3491
3501
3510
3518
3524
3530
3534
3537
3539
3539
3539
3537
3534
3529
3524
3517
3509
3500
3490
3478
3465
3451
3436
3420
3402
3384
3364
3343
3321
3298
3274
3249
3222
3195
3167
3138
3108
3076
3045
3012
2978
2944
2908
2872
2836
2798
2760
2722
2682
2643
2602
2562
2520
2479
2437
2394
2352
2309
2265
2222
2179
2135
2091
2048
2004
1960
1916
1873
1830
1786
1743
1701
1658
1616
1575
1533
1493
1452
1413
1373
1335
1297
1259
1223
1187
1151
1117
1083
1050
1019
987
957
928
900
873
846
821
797
774
752
731
711
693
675
659
644
630
617
605
595
586
578
571
566
561
558
556
556
556
558
561
565
571
577
585
594
604
615
627
641
655
671
687
705
723
743
763
784
807
830
854
879
904
931
958
985
1014
1043
1073
1103
1134
1165
1197
1229
1261
1294
1328
1361
1395
1429
1463
1497
1532
1566
1600
1635
1669
1703
1738
1772
1805
1839
1872
1905
1938
1970
2002
2033
2064
2094
2124
2153
2181
2209
2236
2263
2288
2313
2337
2360
2383
2404
2425
2444
2463
2481
2498
2513
2528
2541
2554
2565
2576
2585
2593
2600
2606
2610
2614
2616
2617
2617
2616
2614
2610
2605
2599
2592
2584
2574
2563
2552
2539
2524
2509
2493
2475
2457
2437
2417
2395
2372
2348
2324
2298
2272
2244
2216
2186
2156
2126
2094
2062
2029
1995
1960
1925
1890
1854
1817
1780
1742
1704
1666
1627
1588
1548
1509
1469
1429
1389
1349
1309
1268
1228
1188
1148
1108
1069
1029
990
951
913
874
837
799
762
726
690
655
620
586
553
521
489
458
427
398
369
342
315
289
264
241
218
196
175
156
137
120
103
88
74
61
50
39
30
22
15
9
5
2
0
0
0
2
5
9
15
22
30
39
50
61
74
88
103
120
137
156
175
196
218
241
264
289
315
342
369
398
427
458
489
521
553
586
620
655
690
726
762
799
837
874
913
951
990
1029
1069
1108
1148
1188
1228
1268
1309
1349
1389
1429
1469
1509
1548
1588
1627
1666
1704
1742
1780
1817
1854
1890
1925
1960
1995
2029
2062
2094
2126
2156
2186
2216
2244
2272
2298
2324
2348
2372
2395
2417
2437
2457
2475
2493
2509
2524
2539
2552
2563
2574
2584
2592
2599
2605
2610
2614
2616
2617
2617
2616
2614
2610
2606
2600
2593
2585
2576
2565
2554
2541
2528
2513
2498
2481
2463
2444
2425
2404
2383
2360
2337
2313
2288
2263
2236
2209
2181
2153
2124
2094
2064
2033
2002
1970
1938
1905
1872
1839
1805
1772
1738
1703
1669
1635
1600
1566
1532
1497
1463
1429
1395
1361
1328
1294
1261
1229
1197
1165
1134
1103
1073
1043
1014
985
958
931
904
879
854
830
807
784
763
743
723
705
687
671
655
641
627
615
604
594
585
577
571
565
561
558
556
556
556
558
561
566
571
578
586
595
605
617
630
644
659
675
693
711
731
752
774
797
821
846
873
900
928
957
987
1019
1050
1083
1117
1151
1187
1223
1259
1297
1335
1373
1413
1452
1493
1533
1575
1616
1658
1701
1743
1786
1830
1873
1916
1960
2004
2048
