2048
2112
2176
2240
2304
2368
2431
2494
2557
2619
2680
2741
2801
2861
2919
2977
3034
3090
3145
3199
3251
3303
3353
3402
3449
3496
3540
3584
3626
3666
3704
3741
3777
3810
3842
3872
3901
3927
3952
3974
3995
4014
4031
4046
4059
4070
4079
4086
4091
4094
4096
4094
4091
4086
4079
4070
4059
4046
4031
4014
3995
3974
3952
3927
3901
3872
3842
3810
3777
3741
3704
3666
3626
3584
3540
3496
3449
3402
3353
3303
3251
3199
3145
3090
3034
2977
2919
2861
2801
2741
2680
2619
2557
2494
2431
2368
2304
2240
2176
2112
2048
1983
1919
1855
1791
1727
1664
1601
1538
1476
1415
1354
1294
1234
1176
1118
1061
1005
950
896
844
792
742
693
646
599
555
511
469
429
391
354
318
285
253
223
194
168
143
121
100
81
64
49
36
25
16
9
4
1
0
1
4
9
16
25
36
49
64
81
100
121
143
168
194
223
253
285
318
354
391
429
469
511
555
599
646
693
742
792
844
896
950
1005
1061
1118
1176
1234
1294
1354
1415
1476
1538
1601
1664
1727
1791
1855
1919
1983
2047
2112
2176
2240
2304
2368
2431
2494
2557
2619
2680
2741
2801
2861
2919
2977
3034
3090
3145
3199
3251
3303
3353
3402
3449
3496
3540
3584
3626
3666
3704
3741
3777
3810
3842
3872
3901
3927
3952
3974
3995
4014
4031
4046
4059
4070
4079
4086
4091
4094
4096
4094
4091
4086
4079
4070
4059
4046
4031
4014
3995
3974
3952
3927
3901
3872
3842
3810
3777
3741
3704
3666
3626
3584
3540
3496
3449
3402
3353
3303
3251
3199
3145
3090
3034
2977
2919
2861
2801
2741
2680
2619
2557
2494
2431
2368
2304
2240
2176
2112
2048
1983
1919
1855
1791
1727
1664
1601
1538
1476
1415
1354
1294
1234
1176
1118
1061
1005
950
896
844
792
742
693
646
599
555
511
469
429
391
354
318
285
253
223
194
168
143
121
100
81
64
49
36
25
16
9
4
1
0
1
4
9
16
25
36
49
64
81
100
121
143
168
194
223
253
285
318
354
391
429
469
511
555
599
646
693
742
792
844
896
950
1005
1061
1118
1176
1234
1294
1354
1415
1476
1538
1601
1664
1727
1791
1855
1919
1983
2048
2112
2176
2240
2304
2368
2431
2494
2557
2619
2680
2741
2801
2861
2919
2977
3034
3090
3145
3199
3251
3303
3353
3402
3449
3496
3540
3584
3626
3666
3704
3741
3777
3810
3842
3872
3901
3927
3952
3974
3995
4014
4031
4046
4059
4070
4079
4086
4091
4094
4096
4094
4091
4086
4079
4070
4059
4046
4031
4014
3995
3974
3952
3927
3901
3872
3842
3810
3777
3741
3704
3666
3626
3584
3540
3496
3449
3402
3353
3303
3251
3199
3145
3090
3034
2977
2919
2861
2801
2741
2680
2619
2557
2494
2431
2368
2304
2240
2176
2112
2047
1983
1919
1855
1791
1727
1664
1601
1538
1476
1415
1354
1294
1234
1176
1118
1061
1005
950
896
844
792
742
693
646
599
555
511
469
429
391
354
318
285
253
223
194
168
143
121
100
81
64
49
36
25
16
9
4
1
0
1
4
9
16
25
36
49
64
81
100
121
143
168
194
223
253
285
318
354
391
429
469
511
555
599
646
693
742
792
844
896
950
1005
1061
1118
1176
1234
1294
1354
1415
1476
1538
1601
1664
1727
1791
1855
1919
1983
2047
